trial seq trialInSeq block type direction rotation TR t t.offset
0 0 0 0 active 90 0.000000 1 0.000000 0.0
1 0 1 0 active -90 0.250000 1 0.000000 0.0
2 0 2 0 active 180 0.500000 1 0.000000 0.0
3 0 3 0 active 0 0.750000 1 0.000000 0.0
4 0 4 0 active 90 1.000000 1 0.000000 0.0
5 0 5 0 active -90 1.250000 1 0.000000 0.0
6 0 6 0 active 180 1.500000 1 0.000000 0.0
7 0 7 0 active 0 1.750000 1 0.000000 0.0
8 1 0 0 active 90 2.000000 1 0.000000 0.0
9 1 1 0 active -90 2.250000 1 0.000000 0.0
10 1 2 0 active 180 2.500000 1 0.000000 0.0
11 1 3 0 active 0 2.750000 1 0.000000 0.0
12 1 4 0 active 90 3.000000 1 0.000000 0.0
13 1 5 0 active -90 3.250000 1 0.000000 0.0
14 1 6 0 active 180 3.500000 1 0.000000 0.0
15 1 7 0 active 0 3.750000 1 0.000000 0.0
16 2 0 0 active 90 4.000000 1 0.000000 0.0
17 2 1 0 active -90 4.250000 1 0.000000 0.0
18 2 2 0 active 180 4.500000 1 0.000000 0.0
19 2 3 0 active 0 4.750000 1 0.000000 0.0
20 2 4 0 active 90 5.000000 1 0.000000 0.0
21 2 5 0 active -90 5.250000 1 0.000000 0.0
22 2 6 0 active 180 5.500000 1 0.000000 0.0
23 2 7 0 active 0 5.750000 1 0.000000 0.0
24 3 0 0 active 90 6.000000 1 0.000000 0.0
25 3 1 0 active -90 6.250000 1 0.000000 0.0
26 3 2 0 active 180 6.500000 1 0.000000 0.0
27 3 3 0 active 0 6.750000 1 0.000000 0.0
28 3 4 0 active 90 7.000000 1 0.000000 0.0
29 3 5 0 active -90 7.250000 1 0.000000 0.0
30 3 6 0 active 180 7.500000 1 0.000000 0.0
31 3 7 0 active 0 7.750000 1 0.000000 0.0
32 4 0 0 active 90 8.000000 1 0.000000 0.0
33 4 1 0 active -90 8.250000 1 0.000000 0.0
34 4 2 0 active 180 8.500000 1 0.000000 0.0
35 4 3 0 active 0 8.750000 1 0.000000 0.0
36 4 4 0 active 90 9.000000 1 0.000000 0.0
37 4 5 0 active -90 9.250000 1 0.000000 0.0
38 4 6 0 active 180 9.500000 1 0.000000 0.0
39 4 7 0 active 0 9.750000 1 0.000000 0.0
40 0 0 1 active 90 10.000000 1 0.000000 0.0
41 0 1 1 active -90 10.000000 1 0.000000 0.0
42 0 2 1 active 180 10.000000 1 0.000000 0.0
43 0 3 1 active 0 10.000000 1 0.000000 0.0
44 0 4 1 active 90 10.000000 1 0.000000 0.0
45 0 5 1 active -90 10.000000 1 0.000000 0.0
46 0 6 1 active 180 10.000000 1 0.000000 0.0
47 0 7 1 active 0 10.000000 1 0.000000 0.0
48 1 0 1 active 90 10.000000 1 0.000000 0.0
49 1 1 1 active -90 10.000000 1 0.000000 0.0
50 1 2 1 active 180 10.000000 1 0.000000 0.0
51 1 3 1 active 0 10.000000 1 0.000000 0.0
52 1 4 1 active 90 10.000000 1 0.000000 0.0
53 1 5 1 active -90 10.000000 1 0.000000 0.0
54 1 6 1 active 180 10.000000 1 0.000000 0.0
55 1 7 1 active 0 10.000000 1 0.000000 0.0
56 2 0 1 active 90 10.000000 1 0.000000 0.0
57 2 1 1 active -90 10.000000 1 0.000000 0.0
58 2 2 1 active 180 10.000000 1 0.000000 0.0
59 2 3 1 active 0 10.000000 1 0.000000 0.0
60 2 4 1 active 90 10.000000 1 0.000000 0.0
61 2 5 1 active -90 10.000000 1 0.000000 0.0
62 2 6 1 active 180 10.000000 1 0.000000 0.0
63 2 7 1 active 0 10.000000 1 0.000000 0.0
64 3 0 1 active 90 10.000000 1 0.000000 0.0
65 3 1 1 active -90 10.000000 1 0.000000 0.0
66 3 2 1 active 180 10.000000 1 0.000000 0.0
67 3 3 1 active 0 10.000000 1 0.000000 0.0
68 3 4 1 active 90 10.000000 1 0.000000 0.0
69 3 5 1 active -90 10.000000 1 0.000000 0.0
70 3 6 1 active 180 10.000000 1 0.000000 0.0
71 3 7 1 active 0 10.000000 1 0.000000 0.0
72 4 0 1 active 90 10.000000 1 0.000000 0.0
73 4 1 1 active -90 10.000000 1 0.000000 0.0
74 4 2 1 active 180 10.000000 1 0.000000 0.0
75 4 3 1 active 0 10.000000 1 0.000000 0.0
76 4 4 1 active 90 10.000000 1 0.000000 0.0
77 4 5 1 active -90 10.000000 1 0.000000 0.0
78 4 6 1 active 180 10.000000 1 0.000000 0.0
79 4 7 1 active 0 10.000000 1 0.000000 0.0
80 0 0 2 active 90 10.000000 1 0.000000 0.0
81 0 1 2 active -90 10.000000 1 0.000000 0.0
82 0 2 2 active 180 10.000000 1 0.000000 0.0
83 0 3 2 active 0 10.000000 1 0.000000 0.0
84 0 4 2 active 90 10.000000 1 0.000000 0.0
85 0 5 2 active -90 10.000000 1 0.000000 0.0
86 0 6 2 active 180 10.000000 1 0.000000 0.0
87 0 7 2 active 0 10.000000 1 0.000000 0.0
88 1 0 2 active 90 10.000000 1 0.000000 0.0
89 1 1 2 active -90 10.000000 1 0.000000 0.0
90 1 2 2 active 180 10.000000 1 0.000000 0.0
91 1 3 2 active 0 10.000000 1 0.000000 0.0
92 1 4 2 active 90 10.000000 1 0.000000 0.0
93 1 5 2 active -90 10.000000 1 0.000000 0.0
94 1 6 2 active 180 10.000000 1 0.000000 0.0
95 1 7 2 active 0 10.000000 1 0.000000 0.0
96 2 0 2 active 90 10.000000 1 0.000000 0.0
97 2 1 2 active -90 10.000000 1 0.000000 0.0
98 2 2 2 active 180 10.000000 1 0.000000 0.0
99 2 3 2 active 0 10.000000 1 0.000000 0.0
100 2 4 2 active 90 10.000000 1 0.000000 0.0
101 2 5 2 active -90 10.000000 1 0.000000 0.0
102 2 6 2 active 180 10.000000 1 0.000000 0.0
103 2 7 2 active 0 10.000000 1 0.000000 0.0
104 3 0 2 active 90 10.000000 1 0.000000 0.0
105 3 1 2 active -90 10.000000 1 0.000000 0.0
106 3 2 2 active 180 10.000000 1 0.000000 0.0
107 3 3 2 active 0 10.000000 1 0.000000 0.0
108 3 4 2 active 90 10.000000 1 0.000000 0.0
109 3 5 2 active -90 10.000000 1 0.000000 0.0
110 3 6 2 active 180 10.000000 1 0.000000 0.0
111 3 7 2 active 0 10.000000 1 0.000000 0.0
112 4 0 2 active 90 10.000000 1 0.000000 0.0
113 4 1 2 active -90 10.000000 1 0.000000 0.0
114 4 2 2 active 180 10.000000 1 0.000000 0.0
115 4 3 2 active 0 10.000000 1 0.000000 0.0
116 4 4 2 active 90 10.000000 1 0.000000 0.0
117 4 5 2 active -90 10.000000 1 0.000000 0.0
118 4 6 2 active 180 10.000000 1 0.000000 0.0
119 4 7 2 active 0 10.000000 1 0.000000 0.0
120 0 0 3 active 90 10.000000 1 0.000000 0.0
121 0 1 3 active -90 10.000000 1 0.000000 0.0
122 0 2 3 active 180 10.000000 1 0.000000 0.0
123 0 3 3 active 0 10.000000 1 0.000000 0.0
124 0 4 3 active 90 10.000000 1 0.000000 0.0
125 0 5 3 active -90 10.000000 1 0.000000 0.0
126 0 6 3 active 180 10.000000 1 0.000000 0.0
127 0 7 3 active 0 10.000000 1 0.000000 0.0
128 1 0 3 active 90 10.000000 1 0.000000 0.0
129 1 1 3 active -90 10.000000 1 0.000000 0.0
130 1 2 3 active 180 10.000000 1 0.000000 0.0
131 1 3 3 active 0 10.000000 1 0.000000 0.0
132 1 4 3 active 90 10.000000 1 0.000000 0.0
133 1 5 3 active -90 10.000000 1 0.000000 0.0
134 1 6 3 active 180 10.000000 1 0.000000 0.0
135 1 7 3 active 0 10.000000 1 0.000000 0.0
136 2 0 3 active 90 10.000000 1 0.000000 0.0
137 2 1 3 active -90 10.000000 1 0.000000 0.0
138 2 2 3 active 180 10.000000 1 0.000000 0.0
139 2 3 3 active 0 10.000000 1 0.000000 0.0
140 2 4 3 active 90 10.000000 1 0.000000 0.0
141 2 5 3 active -90 10.000000 1 0.000000 0.0
142 2 6 3 active 180 10.000000 1 0.000000 0.0
143 2 7 3 active 0 10.000000 1 0.000000 0.0
144 3 0 3 active 90 10.000000 1 0.000000 0.0
145 3 1 3 active -90 10.000000 1 0.000000 0.0
146 3 2 3 active 180 10.000000 1 0.000000 0.0
147 3 3 3 active 0 10.000000 1 0.000000 0.0
148 3 4 3 active 90 10.000000 1 0.000000 0.0
149 3 5 3 active -90 10.000000 1 0.000000 0.0
150 3 6 3 active 180 10.000000 1 0.000000 0.0
151 3 7 3 active 0 10.000000 1 0.000000 0.0
152 4 0 3 active 90 10.000000 1 0.000000 0.0
153 4 1 3 active -90 10.000000 1 0.000000 0.0
154 4 2 3 active 180 10.000000 1 0.000000 0.0
155 4 3 3 active 0 10.000000 1 0.000000 0.0
156 4 4 3 active 90 10.000000 1 0.000000 0.0
157 4 5 3 active -90 10.000000 1 0.000000 0.0
158 4 6 3 active 180 10.000000 1 0.000000 0.0
159 4 7 3 active 0 10.000000 1 0.000000 0.0
160 0 0 4 active 90 10.000000 1 0.000000 0.0
161 0 1 4 active -90 10.000000 1 0.000000 0.0
162 0 2 4 active 180 10.000000 1 0.000000 0.0
163 0 3 4 active 0 10.000000 1 0.000000 0.0
164 0 4 4 active 90 10.000000 1 0.000000 0.0
165 0 5 4 active -90 10.000000 1 0.000000 0.0
166 0 6 4 active 180 10.000000 1 0.000000 0.0
167 0 7 4 active 0 10.000000 1 0.000000 0.0
168 1 0 4 active 90 10.000000 1 0.000000 0.0
169 1 1 4 active -90 10.000000 1 0.000000 0.0
170 1 2 4 active 180 10.000000 1 0.000000 0.0
171 1 3 4 active 0 10.000000 1 0.000000 0.0
172 1 4 4 active 90 10.000000 1 0.000000 0.0
173 1 5 4 active -90 10.000000 1 0.000000 0.0
174 1 6 4 active 180 10.000000 1 0.000000 0.0
175 1 7 4 active 0 10.000000 1 0.000000 0.0
176 2 0 4 active 90 10.000000 1 0.000000 0.0
177 2 1 4 active -90 10.000000 1 0.000000 0.0
178 2 2 4 active 180 10.000000 1 0.000000 0.0
179 2 3 4 active 0 10.000000 1 0.000000 0.0
180 2 4 4 active 90 10.000000 1 0.000000 0.0
181 2 5 4 active -90 10.000000 1 0.000000 0.0
182 2 6 4 active 180 10.000000 1 0.000000 0.0
183 2 7 4 active 0 10.000000 1 0.000000 0.0
184 3 0 4 active 90 10.000000 1 0.000000 0.0
185 3 1 4 active -90 10.000000 1 0.000000 0.0
186 3 2 4 active 180 10.000000 1 0.000000 0.0
187 3 3 4 active 0 10.000000 1 0.000000 0.0
188 3 4 4 active 90 10.000000 1 0.000000 0.0
189 3 5 4 active -90 10.000000 1 0.000000 0.0
190 3 6 4 active 180 10.000000 1 0.000000 0.0
191 3 7 4 active 0 10.000000 1 0.000000 0.0
192 4 0 4 active 90 10.000000 1 0.000000 0.0
193 4 1 4 active -90 10.000000 1 0.000000 0.0
194 4 2 4 active 180 10.000000 1 0.000000 0.0
195 4 3 4 active 0 10.000000 1 0.000000 0.0
196 4 4 4 active 90 10.000000 1 0.000000 0.0
197 4 5 4 active -90 10.000000 1 0.000000 0.0
198 4 6 4 active 180 10.000000 1 0.000000 0.0
199 4 7 4 active 0 10.000000 1 0.000000 0.0
